395 335 
534 59 
772 658 
724 911 
484 748 
97 646 
933 891 
10 418 
79 745 
260 904 
751 317 
364 892 
861 652 
855 901 
754 704 
862 771 
124 606 
917 175 
360 619 
454 237 
933 61 
90 641 
749 955 
40 646 
827 471 
198 435 
40 365 
213 333 
421 550 
424 22 
718 261 
249 862 
135 875 
212 972 
846 806 
699 611 
749 107 
180 748 
348 896 
596 575 
284 556 
964 367 
470 774 
300 369 
405 600 
706 707 
195 144 
456 603 
124 355 
675 588 
680 932 
539 54 
984 102 
57 745 
488 188 
634 395 
944 376 
501 131 
397 341 
516 581 
164 910 
424 607 
417 930 
174 924 
538 132 
880 460 
304 635 
85 921 
165 623 
493 768 
365 607 
391 878 
336 731 
204 148 
18 250 
395 860 
186 745 
407 907 
562 598 
309 363 
730 900 
418 325 
994 592 
772 583 
247 941 
51 590 
211 231 
365 981 
884 753 
854 406 
412 950 
589 358 
232 920 
535 860 
773 768 
364 427 
333 22 
896 206 
494 508 
24 666 
152 739 
694 284 
660 624 
217 170 
200 994 
323 632 
479 65 
386 665 
144 461 
566 78 
364 436 
652 537 
926 384 
488 576 
439 557 
219 104 
450 403 
285 749 
48 200 
362 168 
175 153 
733 337 
760 323 
915 792 
162 511 
304 519 
724 349 
136 160 
942 719 
836 18 
954 507 
440 487 
825 610 
215 949 
334 148 
434 207 
865 130 
945 680 
792 314 
201 370 
363 954 
534 727 
40 33 
849 720 
855 643 
904 135 
109 412 
515 978 
248 721 
969 447 
28 130 
222 711 
721 389 
795 1 
585 139 
823 348 
842 896 
125 742 
180 252 
934 212 
788 366 
192 520 
702 357 
89 678 
289 361 
60 577 
206 456 
46 647 
763 713 
122 23 
372 917 
985 666 
932 1 
973 933 
782 632 
907 472 
760 237 
438 696 
20 602 
513 648 
493 13 
236 331 
667 805 
288 257 
476 913 
491 304 
408 941 
957 247 
360 81 
160 284 
88 580 
752 174 
357 104 
221 560 
767 306 
446 12 
27 172 
146 16 
107 773 
873 974 
